{
    "camera_angle_x": 1.0461322864830065,
    "camera_angle_y": 0.6256734435157496,
    "fl_x": 832.4079861719547,
    "fl_y": 834.7293016642642,
    "k1": 0.0016006651210034434,
    "k2": -0.017213477985937392,
    "k3": 0,
    "k4": 0,
    "p1": -0.0007875673752773195,
    "p2": 0.00127978801875582,
    "is_fisheye": false,
    "cx": 483.0579378628043,
    "cy": 271.7771894837523,
    "w": 960.0,
    "h": 540.0,
    "aabb_scale": 32,
    "frames": [
        {
            "file_path": "0010.jpg",
            "sharpness": 10.383335198488073,
            "transform_matrix": [
                [
                    -0.4919348938281004,
                    0.19689920661203666,
                    -0.8480747388964875,
                    -3.9030778157726935
                ],
                [
                    -0.8706012549252575,
                    -0.10306570462226515,
                    0.48107267169657686,
                    2.1860616276483382
                ],
                [
                    0.007315406843078725,
                    0.9749913656283489,
                    0.22212231283089937,
                    1.3172141089200629
                ],
                [
                    0.0,
                    0.0,
                    0.0,
                    1.0
                ]
            ]
        },
        {
            "file_path": "0008.jpg",
            "sharpness": 30.872669669361926,
            "transform_matrix": [
                [
                    -0.5331475135944606,
                    0.2493936420075961,
                    -0.8084284384895744,
                    -3.7421759687501845
                ],
                [
                    -0.8458977984941699,
                    -0.14074735776962255,
                    0.5144386219789359,
                    2.329222496659106
                ],
                [
                    0.014513554861466353,
                    0.9581195085634406,
                    0.286000636572533,
                    1.3553637700224974
                ],
                [
                    0.0,
                    0.0,
                    0.0,
                    1.0
                ]
            ]
        },
        {
            "file_path": "0006.jpg",
            "sharpness": 49.10433632919668,
            "transform_matrix": [
                [
                    -0.565964765237831,
                    0.24841083387128285,
                    -0.786114458720307,
                    -3.681636205582707
                ],
                [
                    -0.8243337351992837,
                    -0.15598457153242926,
                    0.5441899543874751,
                    2.4704297215660875
                ],
                [
                    0.012560953334833343,
                    0.9560130078307669,
                    0.29305520195715823,
                    1.4162097258956001
                ],
                [
                    0.0,
                    0.0,
                    0.0,
                    1.0
                ]
            ]
        },
        {
            "file_path": "0007.jpg",
            "sharpness": 51.39496711033578,
            "transform_matrix": [
                [
                    -0.5529322976738194,
                    0.24853314416574918,
                    -0.7952968945775527,
                    -3.7036768787343237
                ],
                [
                    -0.8330980841065858,
                    -0.14816600400614305,
                    0.5329112660798125,
                    2.4128537690614813
                ],
                [
                    0.014610149652115151,
                    0.9572241699782504,
                    0.28897825527373616,
                    1.3628082477718984
                ],
                [
                    0.0,
                    0.0,
                    0.0,
                    1.0
                ]
            ]
        },
        {
            "file_path": "0005.jpg",
            "sharpness": 43.94816347270745,
            "transform_matrix": [
                [
                    -0.5775217142249268,
                    0.24915312693748395,
                    -0.7774261309091917,
                    -3.5844968005431035
                ],
                [
                    -0.8162978327656553,
                    -0.1631189787244694,
                    0.5541209678418427,
                    2.5107413526396147
                ],
                [
                    0.01124801533179693,
                    0.9546281570325587,
                    0.2975879097614291,
                    1.4198459254634925
                ],
                [
                    0.0,
                    0.0,
                    0.0,
                    1.0
                ]
            ]
        },
        {
            "file_path": "0001.jpg",
            "sharpness": 46.46216732372161,
            "transform_matrix": [
                [
                    -0.6344732622112951,
                    0.2845059772580424,
                    -0.7186793642006593,
                    -3.165782680759449
                ],
                [
                    -0.7718448868012026,
                    -0.18361952651348482,
                    0.6087194265027217,
                    2.652281296011309
                ],
                [
                    0.04122075074357462,
                    0.9409251928123885,
                    0.3360961638037033,
                    1.234160691852554
                ],
                [
                    0.0,
                    0.0,
                    0.0,
                    1.0
                ]
            ]
        },
        {
            "file_path": "0004.jpg",
            "sharpness": 65.40095479127001,
            "transform_matrix": [
                [
                    -0.5953468362019366,
                    0.25904198857780775,
                    -0.7605651798908887,
                    -3.4048198714010653
                ],
                [
                    -0.8033012983834152,
                    -0.17257344257139662,
                    0.5700223074008389,
                    2.536553478936509
                ],
                [
                    0.01640636064911947,
                    0.9503239737871836,
                    0.3108298188077321,
                    1.3309132038081541
                ],
                [
                    0.0,
                    0.0,
                    0.0,
                    1.0
                ]
            ]
        },
        {
            "file_path": "0003.jpg",
            "sharpness": 49.555979037530015,
            "transform_matrix": [
                [
                    -0.6077497704310211,
                    0.2675471320799173,
                    -0.7477023129169206,
                    -3.337091920744642
                ],
                [
                    -0.7938059412700391,
                    -0.1778350657392591,
                    0.5815899044841658,
                    2.6190682702695707
                ],
                [
                    0.022635021020394996,
                    0.9469916692300523,
                    0.32045972339241846,
                    1.303227468338625
                ],
                [
                    0.0,
                    0.0,
                    0.0,
                    1.0
                ]
            ]
        },
        {
            "file_path": "0012.jpg",
            "sharpness": 18.372325049296986,
            "transform_matrix": [
                [
                    -0.48415208716386504,
                    0.18688179322145054,
                    -0.8547935142136186,
                    -4.0362062559003675
                ],
                [
                    -0.8749641574730591,
                    -0.09684833573176603,
                    0.4744029120941886,
                    2.0512085552349597
                ],
                [
                    0.0058719376757435165,
                    0.9775968470243717,
                    0.21040419463594245,
                    1.2117575529970346
                ],
                [
                    0.0,
                    0.0,
                    0.0,
                    1.0
                ]
            ]
        },
        {
            "file_path": "0002.jpg",
            "sharpness": 55.617709583883304,
            "transform_matrix": [
                [
                    -0.622261991368694,
                    0.2765311022004314,
                    -0.7323391043076586,
                    -3.2669427826269555
                ],
                [
                    -0.782170818474258,
                    -0.18186800628187072,
                    0.5959302299920424,
                    2.6441812375103235
                ],
                [
                    0.03160419051157103,
                    0.9436390082486771,
                    0.3294641062969101,
                    1.272394539702862
                ],
                [
                    0.0,
                    0.0,
                    0.0,
                    1.0
                ]
            ]
        },
        {
            "file_path": "0011.jpg",
            "sharpness": 27.73599716648031,
            "transform_matrix": [
                [
                    -0.48792632943804787,
                    0.19276406046651037,
                    -0.8513341964927975,
                    -4.017513105350437
                ],
                [
                    -0.872859377207158,
                    -0.10030275922318722,
                    0.4775519491256917,
                    2.0651965381745434
                ],
                [
                    0.006663683867882087,
                    0.9761052061987437,
                    0.2171962749069994,
                    1.2205704231275478
                ],
                [
                    0.0,
                    0.0,
                    0.0,
                    1.0
                ]
            ]
        },
        {
            "file_path": "0014.jpg",
            "sharpness": 21.876215106276526,
            "transform_matrix": [
                [
                    -0.46388582871993606,
                    0.19254424855289395,
                    -0.8647176708882967,
                    -4.039779395406783
                ],
                [
                    -0.8858665852900478,
                    -0.09300294400697036,
                    0.4545226567208588,
                    1.95352336871477
                ],
                [
                    0.007094434261120514,
                    0.9768711096347207,
                    0.2137112637368572,
                    1.082130894544859
                ],
                [
                    0.0,
                    0.0,
                    0.0,
                    1.0
                ]
            ]
        },
        {
            "file_path": "0013.jpg",
            "sharpness": 34.44288623112365,
            "transform_matrix": [
                [
                    -0.48232571730490037,
                    0.1890471611382254,
                    -0.8553496790063982,
                    -4.06153483536944
                ],
                [
                    -0.8759615579086897,
                    -0.09595263794920735,
                    0.4727414095853745,
                    2.023439899624539
                ],
                [
                    0.00729736336492668,
                    0.9772687768571403,
                    0.2118784707150052,
                    1.1736386619085741
                ],
                [
                    0.0,
                    0.0,
                    0.0,
                    1.0
                ]
            ]
        },
        {
            "file_path": "0025.jpg",
            "sharpness": 42.53956885859254,
            "transform_matrix": [
                [
                    -0.2407198281942109,
                    0.19788387106899535,
                    -0.9502083655542924,
                    -4.326055943974803
                ],
                [
                    -0.969936616342434,
                    -0.013001051016264722,
                    0.2430101498922706,
                    0.627919321791484
                ],
                [
                    0.03573408173308639,
                    0.9801392484375209,
                    0.19506442310038255,
                    0.8555108119680878
                ],
                [
                    0.0,
                    0.0,
                    0.0,
                    1.0
                ]
            ]
        },
        {
            "file_path": "0024.jpg",
            "sharpness": 53.05059605096865,
            "transform_matrix": [
                [
                    -0.24977074608680608,
                    0.20098556262561829,
                    -0.9472166479215638,
                    -4.337783247852383
                ],
                [
                    -0.9677734564367311,
                    -0.01940674014243577,
                    0.2510735259909866,
                    0.7111122294510271
                ],
                [
                    0.032079766536893324,
                    0.97940195126288,
                    0.1993557286005645,
                    0.8315175678725901
                ],
                [
                    0.0,
                    0.0,
                    0.0,
                    1.0
                ]
            ]
        },
        {
            "file_path": "0017.jpg",
            "sharpness": 40.27065632099465,
            "transform_matrix": [
                [
                    -0.3846541187197657,
                    0.20203557461133476,
                    -0.9006790969195679,
                    -4.194429620177369
                ],
                [
                    -0.9230138177779272,
                    -0.0743442816667512,
                    0.3775161188273558,
                    1.5781641766454986
                ],
                [
                    0.009311345519582268,
                    0.9765523818305488,
                    0.2150784611953436,
                    0.9155407005421059
                ],
                [
                    0.0,
                    0.0,
                    0.0,
                    1.0
                ]
            ]
        },
        {
            "file_path": "0018.jpg",
            "sharpness": 54.651610672614275,
            "transform_matrix": [
                [
                    -0.348788571814939,
                    0.2073932519290359,
                    -0.9139663950660623,
                    -4.2561333789486815
                ],
                [
                    -0.9371747715535842,
                    -0.06982487444040883,
                    0.34180101590379625,
                    1.4823802412663203
                ],
                [
                    0.007069635422695533,
                    0.9757625356856714,
                    0.21871784173157743,
                    0.8945889988172628
                ],
                [
                    0.0,
                    0.0,
                    0.0,
                    1.0
                ]
            ]
        },
        {
            "file_path": "0020.jpg",
            "sharpness": 46.40353775505831,
            "transform_matrix": [
                [
                    -0.31398652950015393,
                    0.2078506707853056,
                    -0.92639654469941,
                    -4.297443849839039
                ],
                [
                    -0.949298903635898,
                    -0.05267417259196316,
                    0.3099306746635971,
                    1.2938643173289606
                ],
                [
                    0.015622127141676094,
                    0.9767412811384997,
                    0.21385139454292018,
                    0.9090554238553451
                ],
                [
                    0.0,
                    0.0,
                    0.0,
                    1.0
                ]
            ]
        },
        {
            "file_path": "0021.jpg",
            "sharpness": 34.89233217589244,
            "transform_matrix": [
                [
                    -0.3098096199193577,
                    0.19625179532286985,
                    -0.9303242619229241,
                    -4.282853504094363
                ],
                [
                    -0.950499813077053,
                    -0.039398350314182096,
                    0.3082172534641885,
                    1.2059550567322832
                ],
                [
                    0.023834948164808828,
                    0.9797617072071154,
                    0.19874328270671063,
                    0.8411254849302815
                ],
                [
                    0.0,
                    0.0,
                    0.0,
                    1.0
                ]
            ]
        },
        {
            "file_path": "0022.jpg",
            "sharpness": 37.48531216510204,
            "transform_matrix": [
                [
                    -0.2845515690380091,
                    0.19740849709164038,
                    -0.9381152860488345,
                    -4.2979000228298885
                ],
                [
                    -0.9582893905142856,
                    -0.03133793542816088,
                    0.2840763591551729,
                    0.9501346760893099
                ],
                [
                    0.02668049086171877,
                    0.9798202994240822,
                    0.19809172705678463,
                    0.8263746484370028
                ],
                [
                    0.0,
                    0.0,
                    0.0,
                    1.0
                ]
            ]
        },
        {
            "file_path": "0019.jpg",
            "sharpness": 38.05629799459745,
            "transform_matrix": [
                [
                    -0.3295125493873409,
                    0.21023655700924837,
                    -0.9204466687307915,
                    -4.264859494349669
                ],
                [
                    -0.9440953043094539,
                    -0.06276147908911671,
                    0.32364340426368193,
                    1.402227589875828
                ],
                [
                    0.010273080658954077,
                    0.9756339410473444,
                    0.21916404124459365,
                    0.9069887711312156
                ],
                [
                    0.0,
                    0.0,
                    0.0,
                    1.0
                ]
            ]
        },
        {
            "file_path": "0015.jpg",
            "sharpness": 37.51498445000224,
            "transform_matrix": [
                [
                    -0.4471009164997151,
                    0.19757019372979406,
                    -0.8723914196615778,
                    -4.064663077089575
                ],
                [
                    -0.8944403485706054,
                    -0.08916693633168307,
                    0.4382073941800984,
                    1.882508185615089
                ],
                [
                    0.008788249588720017,
                    0.9762250130469836,
                    0.21658137190220814,
                    1.002837189692641
                ],
                [
                    0.0,
                    0.0,
                    0.0,
                    1.0
                ]
            ]
        },
        {
            "file_path": "0023.jpg",
            "sharpness": 38.59086800017086,
            "transform_matrix": [
                [
                    -0.2642946286413603,
                    0.19893349660454412,
                    -0.9437021846347905,
                    -4.338058535630472
                ],
                [
                    -0.964011398183635,
                    -0.025255076736085378,
                    0.2646586580316012,
                    0.7991602093613129
                ],
                [
                    0.028816201159929666,
                    0.9796875242199176,
                    0.1984489393345785,
                    0.8386084653155744
                ],
                [
                    0.0,
                    0.0,
                    0.0,
                    1.0
                ]
            ]
        },
        {
            "file_path": "0016.jpg",
            "sharpness": 40.65913305496242,
            "transform_matrix": [
                [
                    -0.4131108358860784,
                    0.20070907946282482,
                    -0.8882878490552198,
                    -4.090584565542655
                ],
                [
                    -0.9106432004380497,
                    -0.08218542184540688,
                    0.4049376716632283,
                    1.7766513876182277
                ],
                [
                    0.008270355724593894,
                    0.976197429796437,
                    0.21672604679520857,
                    0.9510678614920303
                ],
                [
                    0.0,
                    0.0,
                    0.0,
                    1.0
                ]
            ]
        },
        {
            "file_path": "0027.jpg",
            "sharpness": 31.828460187090382,
            "transform_matrix": [
                [
                    -0.21275354279867273,
                    0.1917598873642865,
                    -0.9581044179572029,
                    -4.33207661618224
                ],
                [
                    -0.9764991857433274,
                    -0.007178356740598045,
                    0.2154015121514344,
                    0.3692211607007708
                ],
                [
                    0.034427754401416134,
                    0.9814156188267015,
                    0.1887805946974924,
                    0.8164635259304928
                ],
                [
                    0.0,
                    0.0,
                    0.0,
                    1.0
                ]
            ]
        },
        {
            "file_path": "0026.jpg",
            "sharpness": 41.89269771661723,
            "transform_matrix": [
                [
                    -0.23147275906710815,
                    0.19347049845645484,
                    -0.9534094231343271,
                    -4.326940496844743
                ],
                [
                    -0.9721431334342321,
                    -0.008875896011411623,
                    0.23421986804425068,
                    0.5669429420693856
                ],
                [
                    0.036852271722886125,
                    0.981065943136066,
                    0.19013554473549543,
                    0.885744448376858
                ],
                [
                    0.0,
                    0.0,
                    0.0,
                    1.0
                ]
            ]
        },
        {
            "file_path": "0030.jpg",
            "sharpness": 37.40623446287723,
            "transform_matrix": [
                [
                    -0.07375585222135565,
                    0.18482433424985162,
                    -0.9800000203146233,
                    -4.415178929421619
                ],
                [
                    -0.996821841536356,
                    0.01600105908319892,
                    0.07803962034944033,
                    -0.02405636098013488
                ],
                [
                    0.03010465910278688,
                    0.9826413036615922,
                    0.183056761478542,
                    0.8603984379187081
                ],
                [
                    0.0,
                    0.0,
                    0.0,
                    1.0
                ]
            ]
        },
        {
            "file_path": "0029.jpg",
            "sharpness": 47.84100553245505,
            "transform_matrix": [
                [
                    -0.12155369746328713,
                    0.18275393495267478,
                    -0.9756155482446851,
                    -4.409081260809404
                ],
                [
                    -0.9922518088880908,
                    0.003087197467550945,
                    0.12420473811456659,
                    0.16738369334336128
                ],
                [
                    0.025710822480047822,
                    0.98315383768542,
                    0.1809626622712278,
                    0.8323681586941184
                ],
                [
                    0.0,
                    0.0,
                    0.0,
                    1.0
                ]
            ]
        },
        {
            "file_path": "0031.jpg",
            "sharpness": 41.15032177520042,
            "transform_matrix": [
                [
                    -0.018003957931727346,
                    0.18006215183228574,
                    -0.9834904570257819,
                    -4.425538828070053
                ],
                [
                    -0.9992646539474204,
                    0.030064156825222718,
                    0.023797013378410396,
                    -0.18188391609396104
                ],
                [
                    0.033852752772231307,
                    0.9831956916282225,
                    0.17938847002498204,
                    0.8119661275905756
                ],
                [
                    0.0,
                    0.0,
                    0.0,
                    1.0
                ]
            ]
        },
        {
            "file_path": "0028.jpg",
            "sharpness": 40.71256833883087,
            "transform_matrix": [
                [
                    -0.17336111367460696,
                    0.18630139431074236,
                    -0.9670768918901075,
                    -4.3726081105385255
                ],
                [
                    -0.9844426442197028,
                    -0.004253496028133172,
                    0.1756547409358909,
                    0.26351060708122315
                ],
                [
                    0.028611265435094877,
                    0.9824834341269426,
                    0.18414042804553374,
                    0.7968740207294529
                ],
                [
                    0.0,
                    0.0,
                    0.0,
                    1.0
                ]
            ]
        },
        {
            "file_path": "0032.jpg",
            "sharpness": 43.760382344532175,
            "transform_matrix": [
                [
                    0.01748472113608707,
                    0.17885611720131211,
                    -0.9837198655872132,
                    -4.412012091522903
                ],
                [
                    -0.9991859233605079,
                    0.03890093674710521,
                    -0.010686799259287595,
                    -0.24772365327184914
                ],
                [
                    0.03635622484725297,
                    0.9831058979297195,
                    0.17939068664542332,
                    0.7869867800631918
                ],
                [
                    0.0,
                    0.0,
                    0.0,
                    1.0
                ]
            ]
        },
        {
            "file_path": "0036.jpg",
            "sharpness": 45.522184546166365,
            "transform_matrix": [
                [
                    0.13187427797556603,
                    0.14547314471270092,
                    -0.9805339051049088,
                    -4.4447389800708805
                ],
                [
                    -0.9910394802505071,
                    0.040515355970263664,
                    -0.12727629203983265,
                    -0.7838865233033343
                ],
                [
                    0.021211397755831564,
                    0.988532280799328,
                    0.14951256304198268,
                    0.7981429903593028
                ],
                [
                    0.0,
                    0.0,
                    0.0,
                    1.0
                ]
            ]
        },
        {
            "file_path": "0034.jpg",
            "sharpness": 51.78804674638428,
            "transform_matrix": [
                [
                    0.0847090231754392,
                    0.1745456465223714,
                    -0.980998572250342,
                    -4.392550848190605
                ],
                [
                    -0.9961519634469128,
                    0.03705390145127995,
                    -0.07942464421134084,
                    -0.5642821706123049
                ],
                [
                    0.02248659854633269,
                    0.9839516379129966,
                    0.17701278829114864,
                    0.8531356278003872
                ],
                [
                    0.0,
                    0.0,
                    0.0,
                    1.0
                ]
            ]
        },
        {
            "file_path": "0039.jpg",
            "sharpness": 29.143003219928698,
            "transform_matrix": [
                [
                    0.16109900887451925,
                    0.13071526336823813,
                    -0.9782436451859418,
                    -4.3917283781383665
                ],
                [
                    -0.9854993629472613,
                    0.07480917205342295,
                    -0.15229771307285642,
                    -0.9940253914488246
                ],
                [
                    0.053273961488183995,
                    0.9885934997678466,
                    0.14087149224941273,
                    0.6742337307272924
                ],
                [
                    0.0,
                    0.0,
                    0.0,
                    1.0
                ]
            ]
        },
        {
            "file_path": "0033.jpg",
            "sharpness": 37.137767586873274,
            "transform_matrix": [
                [
                    0.048118982144721836,
                    0.17773683559375944,
                    -0.9829009008617983,
                    -4.366552728298741
                ],
                [
                    -0.9983417860343157,
                    0.039684941267383214,
                    -0.04169872533325896,
                    -0.4064987086159472
                ],
                [
                    0.03159496503333172,
                    0.983277541080873,
                    0.17935170887102023,
                    0.7420901076039659
                ],
                [
                    0.0,
                    0.0,
                    0.0,
                    1.0
                ]
            ]
        },
        {
            "file_path": "0038.jpg",
            "sharpness": 57.265230456660184,
            "transform_matrix": [
                [
                    0.1625354787070368,
                    0.12622113091095544,
                    -0.9785961599952733,
                    -4.417494485893194
                ],
                [
                    -0.985768110621143,
                    0.06392873075450396,
                    -0.15548102606601383,
                    -0.9062506668573
                ],
                [
                    0.04293541948448133,
                    0.9899400707011466,
                    0.13481545259487293,
                    0.7076050858375252
                ],
                [
                    0.0,
                    0.0,
                    0.0,
                    1.0
                ]
            ]
        },
        {
            "file_path": "0035.jpg",
            "sharpness": 58.43092176777311,
            "transform_matrix": [
                [
                    0.11173787914980991,
                    0.16192834707533435,
                    -0.9804559433554416,
                    -4.427341554358397
                ],
                [
                    -0.9935810540322386,
                    0.035723257003368786,
                    -0.1073337690442906,
                    -0.6995808333874055
                ],
                [
                    0.01764469983825912,
                    0.9861556973454403,
                    0.1648805787386907,
                    0.8725181305452443
                ],
                [
                    0.0,
                    0.0,
                    0.0,
                    1.0
                ]
            ]
        },
        {
            "file_path": "0037.jpg",
            "sharpness": 57.55958489248435,
            "transform_matrix": [
                [
                    0.13937859905972183,
                    0.12876759982770777,
                    -0.9818312031317895,
                    -4.415746199911659
                ],
                [
                    -0.9896789099436525,
                    0.05146239209736415,
                    -0.1337433266086837,
                    -0.7776763403940978
                ],
                [
                    0.033305575188621504,
                    0.9903385923604425,
                    0.13461133394834104,
                    0.7898468315289148
                ],
                [
                    0.0,
                    0.0,
                    0.0,
                    1.0
                ]
            ]
        },
        {
            "file_path": "0040.jpg",
            "sharpness": 42.81582559790081,
            "transform_matrix": [
                [
                    0.18063251555153229,
                    0.13696736722209701,
                    -0.9739670603907666,
                    -4.258664974130109
                ],
                [
                    -0.9818093927281798,
                    0.08400849437090292,
                    -0.17027298442282462,
                    -1.1485804681913152
                ],
                [
                    0.05849966392483917,
                    0.9870068456062719,
                    0.14965051330181825,
                    0.779261171457688
                ],
                [
                    0.0,
                    0.0,
                    0.0,
                    1.0
                ]
            ]
        },
        {
            "file_path": "0042.jpg",
            "sharpness": 41.665594918626475,
            "transform_matrix": [
                [
                    0.20877346155703697,
                    0.14928361413650065,
                    -0.9665029976075049,
                    -3.863913921710749
                ],
                [
                    -0.9761003151220256,
                    0.09279206259715768,
                    -0.19651414182608612,
                    -1.3561606285470995
                ],
                [
                    0.06034746533360507,
                    0.9844308181650144,
                    0.1650883029146211,
                    0.9110258705030372
                ],
                [
                    0.0,
                    0.0,
                    0.0,
                    1.0
                ]
            ]
        },
        {
            "file_path": "0041.jpg",
            "sharpness": 48.61310616354796,
            "transform_matrix": [
                [
                    0.19027024873836137,
                    0.14231967100056475,
                    -0.9713610779600933,
                    -4.05927517751394
                ],
                [
                    -0.9798063181078089,
                    0.0894670671358415,
                    -0.1788161706729321,
                    -1.321078968819204
                ],
                [
                    0.0614557681952465,
                    0.9857691186216903,
                    0.1564686339552057,
                    0.8500897957537736
                ],
                [
                    0.0,
                    0.0,
                    0.0,
                    1.0
                ]
            ]
        },
        {
            "file_path": "0044.jpg",
            "sharpness": 29.006198387473695,
            "transform_matrix": [
                [
                    0.29471415140524937,
                    0.13326339633768927,
                    -0.9462475554750388,
                    -3.7122653382575583
                ],
                [
                    -0.9546054655378856,
                    0.085892739065297,
                    -0.28522069094134106,
                    -1.6015826817649583
                ],
                [
                    0.04326631639296707,
                    0.9873516621023332,
                    0.15252777220560196,
                    1.1272500515537816
                ],
                [
                    0.0,
                    0.0,
                    0.0,
                    1.0
                ]
            ]
        },
        {
            "file_path": "0046.jpg",
            "sharpness": 17.879276414873253,
            "transform_matrix": [
                [
                    0.40375865527424726,
                    0.13215292032371062,
                    -0.9052704314322354,
                    -3.6601153627037952
                ],
                [
                    -0.9140449618154177,
                    0.1001713541042482,
                    -0.39304898880008815,
                    -1.6240443961049003
                ],
                [
                    0.038739593246890844,
                    0.9861548081059317,
                    0.16123876224121392,
                    1.2790120250420929
                ],
                [
                    0.0,
                    0.0,
                    0.0,
                    1.0
                ]
            ]
        },
        {
            "file_path": "0048.jpg",
            "sharpness": 27.850552217646023,
            "transform_matrix": [
                [
                    0.5222894249055945,
                    0.11332774067258185,
                    -0.8452044604178865,
                    -3.5712551152026584
                ],
                [
                    -0.8466349001833328,
                    0.18756820873756672,
                    -0.4980236067321888,
                    -1.802985857888489
                ],
                [
                    0.10209359650501511,
                    0.9756920571299706,
                    0.19391211228445066,
                    1.057940327537031
                ],
                [
                    0.0,
                    0.0,
                    0.0,
                    1.0
                ]
            ]
        },
        {
            "file_path": "0043.jpg",
            "sharpness": 61.82623331305712,
            "transform_matrix": [
                [
                    0.23785170813989076,
                    0.1466344195574197,
                    -0.9601692100981238,
                    -3.796607604361599
                ],
                [
                    -0.9698236958727701,
                    0.0903625816465649,
                    -0.22644337650249133,
                    -1.4719161745200477
                ],
                [
                    0.05355897556594439,
                    0.9850547958986824,
                    0.16370242911390065,
                    1.0361641225699176
                ],
                [
